{
  "cells": [
    {
      "cell_type": "code",
      "execution_count": null,
      "metadata": {
        "id": "9sFZoUZMvRw5"
      },
      "outputs": [],
      "source": [
        "import numpy as np\n",
        "import time\n",
        "import copy as cp\n",
        "\n",
        "def norm2(v):\n",
        "  suma = 0\n",
        "  for i in range(v.size):\n",
        "    suma += v[i]**2\n",
        "  return float(suma)\n",
        "\n",
        "def sortear_en_esfera(dimension):\n",
        "  ret = [0 for _ in range(dimension)]\n",
        "  for i in range(dimension):\n",
        "    ret[i] = np.random.normal()\n",
        "  ret = np.array(ret)\n",
        "  ret /= np.linalg.norm(ret)\n",
        "  return ret\n",
        "\n",
        "\n",
        "class EigenGame:\n",
        "  def __init__(self,n,k,components,expected_components,ruido):\n",
        "    self.n = n #dimension de las muestras\n",
        "    self.k = k #cantidad de muestras\n",
        "    self.components = components #componentes principales reales de mi espacio\n",
        "    self.expected_components = expected_components #cantidad de componentes que quiero hallar\n",
        "    self.ruido = ruido #ruido que le pongo a las muestas\n",
        "    self.tiempos = [] #cuanto tiempo tarde en calcular cada componente\n",
        "    self.iteraciones = [] #cuantas iteraciones tarde en calcular cada componente\n",
        "    self.id = np.eye(n)\n",
        "    assert(components >= expected_components)\n",
        "\n",
        "    dir = np.eye(components,n) #Estas van a ser las componentes principales\n",
        "    for i in range(components):\n",
        "      dir[i] = np.random.randint(-k, k, size=n)\n",
        "    X = np.zeros((k,n))\n",
        "    weights = np.random.normal(size = (k,components)) #sorteo cuanto de cada componente va a tener cada muestra\n",
        "    for i in range(k):\n",
        "      for j in range(components):\n",
        "        X[i] += dir[j]*weights[i][j]+np.random.rand(n)*ruido #le agrego una componente de ruido aleatoria\n",
        "    X = X - np.mean(X.T, axis=1)\n",
        "    self.dir = dir\n",
        "    self.M = np.matmul(X.T,X) #shape (n,n)\n",
        "    self.X = X #shape (k,n)\n",
        "\n",
        "    self.vectors = np.eye(n)\n",
        "    self.Mv = [np.dot(self.M,self.vectors[i]) for i in range(n)] #vectores de n filas\n",
        "    self.vtMv = [np.dot(self.vectors[i].T,self.Mv[i]) for i in range(expected_components)]\n",
        "    self.vMv = np.array([[np.dot(self.vectors[i],self.Mv[j]) for j in range(expected_components)] for i in range(expected_components)])\n",
        "\n",
        "  def u(self, vector, i):\n",
        "    Mvector = np.dot(self.M,vector)\n",
        "    answer = np.dot(vector.T,Mvector)\n",
        "    for j in range(i):\n",
        "      answer -= (np.dot(vector.T,self.Mv[j])**2)/self.vtMv[j]\n",
        "    return answer\n",
        "\n",
        "  def evolutivo(self,T,error):\n",
        "    start_time = time.time()\n",
        "    for i in range(self.expected_components):\n",
        "      step = 32\n",
        "      for t in range(T):\n",
        "        if step < error:\n",
        "          #print(i+1, t+1,  time.time() - start_time, (time.time() - start_time)/(t+1))\n",
        "          self.tiempos.append(time.time() - start_time)\n",
        "          self.iteraciones.append(t)\n",
        "          start_time = time.time()\n",
        "          break\n",
        "        candidato = self.vectors[i]\n",
        "        utilidad = self.u(candidato,i)\n",
        "        unmodified = True\n",
        "        for jj in range(2*self.n):\n",
        "          j = jj//2\n",
        "          sumo = True if jj%2==0 else False\n",
        "          nuevo = self.vectors[i]+step*self.id[j] if sumo else self.vectors[i]-step*self.id[j]\n",
        "          nuevo /= np.linalg.norm(nuevo)\n",
        "          utilidad_nueva = self.u(nuevo,i)\n",
        "          if utilidad_nueva > utilidad:\n",
        "            candidato = nuevo\n",
        "            utilidad = utilidad_nueva\n",
        "            unmodified = False\n",
        "        if unmodified :\n",
        "          step /= 2\n",
        "        else:\n",
        "          self.vectors[i] = candidato\n",
        "          self.Mv[i] = np.dot(self.M,self.vectors[i])\n",
        "          self.vtMv[i] = np.dot(self.vectors[i].T,self.Mv[i])\n",
        "        if t == T-1:\n",
        "          print(\"ATENCION ATENCION ATENCION\",i+1, t+1,  time.time() - start_time, (time.time() - start_time)/(t+1))\n",
        "          self.tiempos.append(time.time() - start_time)\n",
        "          self.iteraciones.append(t)\n",
        "          start_time = time.time()\n",
        "    return self.vectors[0:self.expected_components]"
      ]
    },
    {
      "cell_type": "code",
      "execution_count": null,
      "metadata": {
        "id": "EVdE7LCWvg1k",
        "colab": {
          "base_uri": "https://localhost:8080/"
        },
        "outputId": "e7f02fe3-81e0-4eac-856f-ec200287ad26"
      },
      "outputs": [
        {
          "output_type": "stream",
          "name": "stdout",
          "text": [
            "120 1834.5\n",
            "[[ 1.00000000e+00 -6.82102745e-09 -1.85465501e-08 -8.40269185e-09  1.27016308e-08  4.84484014e-09  0.00000000e+00 -1.17783178e-08 -1.16330147e-09  5.56388976e-09]\n",
            " [-6.82102745e-09  1.00000000e+00 -3.27462252e-09  5.14193404e-09  1.23302267e-08 -1.25124845e-08 -6.28446052e-09 -4.91571655e-09 -8.72273905e-09 -1.32924389e-08]\n",
            " [-1.85465501e-08 -3.27462252e-09  1.00000000e+00  1.45758183e-08  0.00000000e+00 -6.36948256e-09  0.00000000e+00 -1.93760985e-08 -2.85061164e-08  0.00000000e+00]\n",
            " [-8.40269185e-09  5.14193404e-09  1.45758183e-08  1.00000000e+00 -6.24876925e-09  2.31487341e-09 -7.11527018e-09  9.07456158e-09  7.97277882e-09  3.71494934e-09]\n",
            " [ 1.27016308e-08  1.23302267e-08  0.00000000e+00 -6.24876925e-09  1.00000000e+00  1.16674138e-08 -1.40754777e-09  4.35647013e-09  8.21668258e-09 -9.27311914e-09]\n",
            " [ 4.84484014e-09 -1.25124845e-08 -6.36948256e-09  2.31487341e-09  1.16674138e-08  1.00000000e+00 -5.77214452e-09  6.30633702e-09  1.69226612e-08  1.36741036e-08]\n",
            " [ 0.00000000e+00 -6.28446052e-09  0.00000000e+00 -7.11527018e-09 -1.40754777e-09 -5.77214452e-09  1.00000000e+00  0.00000000e+00 -1.50404260e-08  7.52881901e-09]\n",
            " [-1.17783178e-08 -4.91571655e-09 -1.93760985e-08  9.07456158e-09  4.35647013e-09  6.30633702e-09  0.00000000e+00  1.00000000e+00  1.55937387e-08  5.04374647e-09]\n",
            " [-1.16330147e-09 -8.72273905e-09 -2.85061164e-08  7.97277882e-09  8.21668258e-09  1.69226612e-08 -1.50404260e-08  1.55937387e-08  1.00000000e+00  1.05181084e-08]\n",
            " [ 5.56388976e-09 -1.32924389e-08  0.00000000e+00  3.71494934e-09 -9.27311914e-09  1.36741036e-08  7.52881901e-09  5.04374647e-09  1.05181084e-08  1.00000000e+00]]\n",
            "[[ 7.95621081e-01 -8.36223900e-09 -1.76532334e-08 -7.68250432e-09  4.08905001e-09  2.90443035e-09 -9.15052016e-09 -5.45298788e-09 -3.59014632e-09 -1.10260591e-08]\n",
            " [-8.36223906e-09  4.55831074e-01 -2.61315734e-08  3.88416728e-09  5.26210743e-09 -8.34930667e-09  1.17033058e-09 -1.03838805e-08 -3.57792847e-09 -6.01914632e-09]\n",
            " [-1.76532334e-08 -2.61315734e-08  4.37717658e-01  3.70957923e-09  2.31991350e-09  0.00000000e+00  2.01201928e-09 -7.25546462e-09 -1.80062431e-08  2.40829416e-09]\n",
            " [-7.68250426e-09  3.88416728e-09  3.70957924e-09  3.75158741e-01  6.28826109e-09  7.37330137e-09  0.00000000e+00 -2.05002424e-09  1.60112662e-09  3.17090420e-09]\n",
            " [ 4.08905002e-09  5.26210744e-09  2.31991348e-09  6.28826110e-09  3.31034455e-01  1.92325857e-08 -2.34024958e-09  4.88276972e-09  4.83977020e-09  1.86075379e-09]\n",
            " [ 2.90443032e-09 -8.34930667e-09  0.00000000e+00  7.37330138e-09  1.92325857e-08  3.21783123e-01 -4.96325978e-09 -1.71741784e-09  5.34336368e-09  6.27351081e-09]\n",
            " [-9.15052014e-09  1.17033059e-09  2.01201927e-09  0.00000000e+00 -2.34024958e-09 -4.96325978e-09  2.84296657e-01  0.00000000e+00 -1.12483822e-08  1.75575187e-09]\n",
            " [-5.45298791e-09 -1.03838805e-08 -7.25546465e-09 -2.05002423e-09  4.88276970e-09 -1.71741784e-09  0.00000000e+00  2.49428952e-01  2.96199249e-09  0.00000000e+00]\n",
            " [-3.59014635e-09 -3.57792848e-09 -1.80062431e-08  1.60112662e-09  4.83977019e-09  5.34336369e-09 -1.12483822e-08  2.96199249e-09  2.11595781e-01  5.01909893e-09]\n",
            " [-1.10260591e-08 -6.01914631e-09  2.40829416e-09  3.17090421e-09  1.86075380e-09  6.27351083e-09  1.75575187e-09  0.00000000e+00  5.01909893e-09  1.67714753e-01]]\n",
            "250 7929.8\n",
            "[[ 1.00000000e+00  1.92603507e-09  1.00798046e-08  1.43304153e-08  6.81973103e-09  4.76656352e-09  1.52104984e-09 -8.69987786e-09 -5.54764377e-09 -1.18507405e-08]\n",
            " [ 1.92603507e-09  1.00000000e+00 -5.08430542e-09 -3.25234832e-09 -6.30972418e-09  1.47846761e-08 -4.99307846e-09  1.57909222e-08  1.66077561e-08 -7.67906661e-09]\n",
            " [ 1.00798046e-08 -5.08430542e-09  1.00000000e+00  1.02469111e-08 -9.18086270e-09  5.23960347e-09 -6.63629125e-09  3.86679548e-09  6.78772461e-09 -2.21160032e-09]\n",
            " [ 1.43304153e-08 -3.25234832e-09  1.02469111e-08  1.00000000e+00  2.05372084e-08  5.11322315e-09  8.54854563e-09 -8.41872311e-09  1.06129341e-08  0.00000000e+00]\n",
            " [ 6.81973103e-09 -6.30972418e-09 -9.18086270e-09  2.05372084e-08  1.00000000e+00  3.96433659e-09  2.44573134e-09 -1.19989396e-08  4.33374892e-09 -1.34134735e-08]\n",
            " [ 4.76656352e-09  1.47846761e-08  5.23960347e-09  5.11322315e-09  3.96433659e-09  1.00000000e+00  2.34601746e-09  3.28820160e-09  7.00168489e-09  1.60433660e-09]\n",
            " [ 1.52104984e-09 -4.99307846e-09 -6.63629125e-09  8.54854563e-09  2.44573134e-09  2.34601746e-09  1.00000000e+00  2.22768994e-09  3.71099085e-09  2.69170841e-09]\n",
            " [-8.69987786e-09  1.57909222e-08  3.86679548e-09 -8.41872311e-09 -1.19989396e-08  3.28820160e-09  2.22768994e-09  1.00000000e+00  0.00000000e+00 -8.61372860e-09]\n",
            " [-5.54764377e-09  1.66077561e-08  6.78772461e-09  1.06129341e-08  4.33374892e-09  7.00168489e-09  3.71099085e-09  0.00000000e+00  1.00000000e+00 -3.35563112e-09]\n",
            " [-1.18507405e-08 -7.67906661e-09 -2.21160032e-09  0.00000000e+00 -1.34134735e-08  1.60433660e-09  2.69170841e-09 -8.61372860e-09 -3.35563112e-09  1.00000000e+00]]\n",
            "[[ 1.04175069e+00  7.82259738e-08  1.71794935e-08  1.58620383e-08  1.42614361e-08  1.37014824e-08  8.84100836e-09 -1.01050718e-08  5.16894214e-09 -1.09003145e-08]\n",
            " [ 7.82259738e-08  1.03923556e+00  3.83441178e-09 -6.66043214e-09 -7.62085329e-09  1.42106977e-08  8.69636737e-09  2.05246197e-08  1.99176160e-08 -4.86556203e-09]\n",
            " [ 1.71794935e-08  3.83441186e-09  8.34869564e-01  0.00000000e+00  0.00000000e+00  2.78662612e-09  1.29377419e-08 -5.06770215e-09  1.20523671e-08 -2.45085071e-09]\n",
            " [ 1.58620382e-08 -6.66043216e-09  0.00000000e+00  7.50593220e-01  4.81377939e-08  3.62528790e-09  7.28637514e-09 -1.76728567e-08  1.28361076e-08  1.65698742e-09]\n",
            " [ 1.42614361e-08 -7.62085320e-09  0.00000000e+00  4.81377939e-08  7.07294218e-01 -6.35810057e-09 -1.20680226e-08 -1.06488048e-08  1.05849305e-08 -1.64068109e-08]\n",
            " [ 1.37014824e-08  1.42106978e-08  2.78662614e-09  3.62528789e-09 -6.35810058e-09  6.13081711e-01  9.53927864e-09  4.34455376e-09  0.00000000e+00  2.79624531e-09]\n",
            " [ 8.84100828e-09  8.69636736e-09  1.29377419e-08  7.28637516e-09 -1.20680226e-08  9.53927863e-09  5.66295524e-01 -7.64983442e-09  2.82154904e-09  1.27429516e-09]\n",
            " [-1.01050718e-08  2.05246197e-08 -5.06770215e-09 -1.76728568e-08 -1.06488048e-08  4.34455374e-09 -7.64983440e-09  4.83995063e-01  0.00000000e+00 -5.70216015e-09]\n",
            " [ 5.16894216e-09  1.99176160e-08  1.20523671e-08  1.28361076e-08  1.05849306e-08  0.00000000e+00  2.82154905e-09  0.00000000e+00  4.43327393e-01 -3.05753064e-09]\n",
            " [-1.09003145e-08 -4.86556207e-09 -2.45085071e-09  1.65698740e-09 -1.64068109e-08  2.79624530e-09  1.27429516e-09 -5.70216010e-09 -3.05753063e-09  3.79206885e-01]]\n",
            "500 2121.7\n",
            "[[ 1.00000000e+00  1.26555912e-08 -4.65537762e-09 -8.62517995e-09 -2.47890436e-08  8.25586662e-09 -1.43392370e-08  7.00696116e-09  8.69038869e-09 -1.01726144e-08]\n",
            " [ 1.26555912e-08  1.00000000e+00  1.55872491e-08 -1.13396277e-08  0.00000000e+00 -7.59797943e-09  1.00763241e-08 -3.14499716e-08 -9.99938646e-09 -5.02337071e-09]\n",
            " [-4.65537762e-09  1.55872491e-08  1.00000000e+00  7.21915756e-09  3.00134346e-08 -3.85787442e-08  9.33608028e-09  1.36984155e-08  1.88047149e-08 -1.60187237e-08]\n",
            " [-8.62517995e-09 -1.13396277e-08  7.21915756e-09  1.00000000e+00 -5.37467491e-09  0.00000000e+00 -8.19166448e-09  4.68478126e-09  1.81488594e-08 -1.50072096e-09]\n",
            " [-2.47890436e-08  0.00000000e+00  3.00134346e-08 -5.37467491e-09  1.00000000e+00 -7.14094523e-09 -8.91015860e-09  2.19777417e-08  1.07433846e-08  1.89346269e-08]\n",
            " [ 8.25586662e-09 -7.59797943e-09 -3.85787442e-08  0.00000000e+00 -7.14094523e-09  1.00000000e+00  8.06135334e-09 -1.57774338e-09 -3.43121008e-09  2.82396680e-09]\n",
            " [-1.43392370e-08  1.00763241e-08  9.33608028e-09 -8.19166448e-09 -8.91015860e-09  8.06135334e-09  1.00000000e+00 -1.10777536e-09  1.50718337e-08 -9.39418416e-09]\n",
            " [ 7.00696116e-09 -3.14499716e-08  1.36984155e-08  4.68478126e-09  2.19777417e-08 -1.57774338e-09 -1.10777536e-09  1.00000000e+00 -4.36956906e-09 -2.91686150e-09]\n",
            " [ 8.69038869e-09 -9.99938646e-09  1.88047149e-08  1.81488594e-08  1.07433846e-08 -3.43121008e-09  1.50718337e-08 -4.36956906e-09  1.00000000e+00 -7.56261609e-09]\n",
            " [-1.01726144e-08 -5.02337071e-09 -1.60187237e-08 -1.50072096e-09  1.89346269e-08  2.82396680e-09 -9.39418416e-09 -2.91686150e-09 -7.56261609e-09  1.00000000e+00]]\n",
            "[[ 2.00797522e+00 -5.84980230e-08  1.05486695e-08 -2.39689448e-09 -7.10830162e-08 -1.40440738e-08 -3.43594191e-08  3.41180814e-08  1.39879414e-08 -3.79628428e-08]\n",
            " [-5.84980231e-08  1.94260842e+00  2.47842864e-08 -9.49989458e-09 -1.81792039e-09 -1.32530913e-08  1.00548097e-08 -5.86565448e-08 -4.82611207e-08 -3.68248711e-08]\n",
            " [ 1.05486696e-08  2.47842865e-08  1.64901207e+00  1.35062667e-08  5.68451146e-08 -4.20240859e-08  8.22914398e-09  2.27388357e-08  4.18447614e-08 -2.30305184e-08]\n",
            " [-2.39689437e-09 -9.49989454e-09  1.35062668e-08  1.52067483e+00 -3.07533142e-08  5.65610460e-09 -7.90808848e-09 -7.97301388e-09  2.84425777e-08 -5.60254909e-09]\n",
            " [-7.10830163e-08 -1.81792048e-09  5.68451146e-08 -3.07533143e-08  1.34084644e+00 -4.41038725e-08 -1.84237452e-08  2.69488540e-08  1.58269957e-08  2.84325736e-08]\n",
            " [-1.40440736e-08 -1.32530914e-08 -4.20240859e-08  5.65610472e-09 -4.41038725e-08  1.27986281e+00  1.11641677e-08  1.81666885e-08 -3.92217516e-09 -1.16710278e-08]\n",
            " [-3.43594191e-08  1.00548097e-08  8.22914390e-09 -7.90808849e-09 -1.84237451e-08  1.11641677e-08  1.12822134e+00 -1.37257568e-08  2.69202692e-09 -7.33499731e-09]\n",
            " [ 3.41180813e-08 -5.86565446e-08  2.27388357e-08 -7.97301393e-09  2.69488540e-08  1.81666885e-08 -1.37257568e-08  1.00681860e+00  4.02822547e-08 -7.68082048e-09]\n",
            " [ 1.39879413e-08 -4.82611207e-08  4.18447614e-08  2.84425777e-08  1.58269957e-08 -3.92217511e-09  2.69202691e-09  4.02822547e-08  9.86722921e-01  1.89933939e-09]\n",
            " [-3.79628429e-08 -3.68248710e-08 -2.30305183e-08 -5.60254906e-09  2.84325737e-08 -1.16710278e-08 -7.33499731e-09 -7.68082051e-09  1.89933940e-09  6.65353380e-01]]\n",
            "1000 1581.8\n",
            "[[ 1.00000000e+00 -2.16533272e-08  3.67700190e-09 -1.38254764e-09  1.18298122e-08 -2.68211724e-09 -2.66545860e-09  2.06183638e-08  3.37060876e-08  1.05938509e-08]\n",
            " [-2.16533272e-08  1.00000000e+00  1.23767230e-08  8.58888790e-09  1.36054957e-09 -9.72466202e-09 -3.83118572e-09  1.14316117e-08  1.56917291e-09  6.00243327e-09]\n",
            " [ 3.67700190e-09  1.23767230e-08  1.00000000e+00 -5.09586717e-09 -1.41366953e-08  6.95311363e-09  1.31949315e-08  1.15082999e-08 -1.17263094e-08 -3.51389031e-09]\n",
            " [-1.38254764e-09  8.58888790e-09 -5.09586717e-09  1.00000000e+00  2.96530361e-09  1.06212073e-08  0.00000000e+00 -2.21742103e-09  2.43816970e-08  4.18451297e-09]\n",
            " [ 1.18298122e-08  1.36054957e-09 -1.41366953e-08  2.96530361e-09  1.00000000e+00  4.19736736e-09 -2.35925640e-09  1.65127112e-08 -8.15408129e-09  0.00000000e+00]\n",
            " [-2.68211724e-09 -9.72466202e-09  6.95311363e-09  1.06212073e-08  4.19736736e-09  1.00000000e+00 -9.92243327e-09 -2.97747142e-09  2.85575218e-08 -2.09806130e-08]\n",
            " [-2.66545860e-09 -3.83118572e-09  1.31949315e-08  0.00000000e+00 -2.35925640e-09 -9.92243327e-09  1.00000000e+00 -3.23782588e-09 -6.06543461e-09 -4.59302391e-09]\n",
            " [ 2.06183638e-08  1.14316117e-08  1.15082999e-08 -2.21742103e-09  1.65127112e-08 -2.97747142e-09 -3.23782588e-09  1.00000000e+00 -1.70160663e-08  9.69230484e-09]\n",
            " [ 3.37060876e-08  1.56917291e-09 -1.17263094e-08  2.43816970e-08 -8.15408129e-09  2.85575218e-08 -6.06543461e-09 -1.70160663e-08  1.00000000e+00  2.53879246e-09]\n",
            " [ 1.05938509e-08  6.00243327e-09 -3.51389031e-09  4.18451297e-09  0.00000000e+00 -2.09806130e-08 -4.59302391e-09  9.69230484e-09  2.53879246e-09  1.00000000e+00]]\n",
            "[[ 4.49237146e+00 -1.18049675e-07  8.98920484e-08 -3.03411492e-08  3.14094253e-08 -3.25821101e-08  3.80646688e-08  1.55626106e-07  1.35393627e-07  5.08948347e-08]\n",
            " [-1.18049675e-07  3.87598912e+00 -1.81971679e-08  8.17779614e-08 -3.12399696e-09 -4.84940774e-08 -7.92585712e-08  3.88170343e-08  6.81839972e-09 -2.04114505e-08]\n",
            " [ 8.98920484e-08 -1.81971680e-08  3.59587680e+00 -4.58432299e-08 -1.49412447e-08 -5.20875185e-08  1.88034571e-08  1.26485600e-08  1.47539237e-08 -7.51703092e-08]\n",
            " [-3.03411494e-08  8.17779614e-08 -4.58432302e-08  3.06315668e+00  5.89504387e-08  2.70862899e-08  4.38282155e-08 -1.07357693e-08  8.27280127e-08  5.31378396e-08]\n",
            " [ 3.14094250e-08 -3.12399694e-09 -1.49412447e-08  5.89504388e-08  2.77523758e+00  4.67869821e-08 -5.60388705e-08  1.49439791e-08  1.54056344e-08  4.44005550e-08]\n",
            " [-3.25821104e-08 -4.84940774e-08 -5.20875183e-08  2.70862899e-08  4.67869823e-08  2.38942095e+00  4.69879377e-08 -3.51413814e-08  1.28369378e-08 -5.19990069e-08]\n",
            " [ 3.80646688e-08 -7.92585709e-08  1.88034572e-08  4.38282155e-08 -5.60388703e-08  4.69879378e-08  2.25582787e+00  2.89909312e-08  1.50747735e-08 -1.41424080e-08]\n",
            " [ 1.55626106e-07  3.88170343e-08  1.26485600e-08 -1.07357691e-08  1.49439790e-08 -3.51413814e-08  2.89909311e-08  2.04298369e+00 -2.82471096e-08  3.02404669e-08]\n",
            " [ 1.35393627e-07  6.81839985e-09  1.47539238e-08  8.27280126e-08  1.54056342e-08  1.28369380e-08  1.50747734e-08 -2.82471096e-08  1.82751110e+00 -1.40035394e-08]\n",
            " [ 5.08948347e-08 -2.04114505e-08 -7.51703092e-08  5.31378399e-08  4.44005552e-08 -5.19990069e-08 -1.41424080e-08  3.02404669e-08 -1.40035394e-08  1.45759515e+00]]\n",
            "2000 2032.1\n",
            "[[ 1.00000000e+00 -9.01855986e-09  1.07407578e-08  1.27713998e-08 -2.96494044e-09 -1.74618163e-08 -1.98754457e-08 -9.79211673e-09  1.22202644e-08  2.42214201e-09]\n",
            " [-9.01855986e-09  1.00000000e+00 -1.19238544e-08  2.58376085e-09 -1.50356454e-09 -1.53694576e-08 -2.13960143e-08  1.27760499e-09  0.00000000e+00  1.07719214e-08]\n",
            " [ 1.07407578e-08 -1.19238544e-08  1.00000000e+00  5.37396125e-09  1.23434175e-08  1.80935904e-09 -8.42490580e-09  0.00000000e+00  1.65394683e-08 -8.57109177e-09]\n",
            " [ 1.27713998e-08  2.58376085e-09  5.37396125e-09  1.00000000e+00  0.00000000e+00  5.26593682e-09  0.00000000e+00 -7.32542712e-09  0.00000000e+00 -9.79409674e-09]\n",
            " [-2.96494044e-09 -1.50356454e-09  1.23434175e-08  0.00000000e+00  1.00000000e+00 -5.27305667e-09  1.30749620e-08  1.23141984e-08  3.27887220e-09  3.34844556e-09]\n",
            " [-1.74618163e-08 -1.53694576e-08  1.80935904e-09  5.26593682e-09 -5.27305667e-09  1.00000000e+00  0.00000000e+00 -1.83017333e-08 -1.25133939e-08  1.86865979e-08]\n",
            " [-1.98754457e-08 -2.13960143e-08 -8.42490580e-09  0.00000000e+00  1.30749620e-08  0.00000000e+00  1.00000000e+00  1.55520098e-09 -1.42203563e-08 -1.03182895e-08]\n",
            " [-9.79211673e-09  1.27760499e-09  0.00000000e+00 -7.32542712e-09  1.23141984e-08 -1.83017333e-08  1.55520098e-09  1.00000000e+00  1.78079043e-08  0.00000000e+00]\n",
            " [ 1.22202644e-08  0.00000000e+00  1.65394683e-08  0.00000000e+00  3.27887220e-09 -1.25133939e-08 -1.42203563e-08  1.78079043e-08  1.00000000e+00  1.56642167e-08]\n",
            " [ 2.42214201e-09  1.07719214e-08 -8.57109177e-09 -9.79409674e-09  3.34844556e-09  1.86865979e-08 -1.03182895e-08  0.00000000e+00  1.56642167e-08  1.00000000e+00]]\n",
            "[[ 9.50291779e+00 -1.67215658e-07  2.60267725e-07 -1.81187796e-08 -6.05765339e-08 -1.86862806e-07 -1.55765947e-07 -1.59733244e-07  6.19468271e-08  3.39371412e-08]\n",
            " [-1.67215658e-07  7.31618440e+00 -4.71604064e-07 -8.53562762e-09 -8.42328798e-09 -2.00461428e-07 -1.15240439e-07 -1.41767367e-08  3.63404795e-08  1.13613366e-07]\n",
            " [ 2.60267725e-07 -4.71604064e-07  6.97037008e+00  1.76861554e-07  1.57123679e-07  1.27693273e-08 -3.95147528e-08 -3.73891655e-08  1.15742914e-07 -1.78173873e-07]\n",
            " [-1.81187791e-08 -8.53562767e-09  1.76861554e-07  5.83391198e+00  3.01068498e-07  4.29181934e-08 -6.23093395e-08 -1.59772557e-07 -1.48186249e-08 -1.26988929e-07]\n",
            " [-6.05765342e-08 -8.42328829e-09  1.57123679e-07  3.01068498e-07  5.70318582e+00  4.91448443e-09  6.51874133e-08  9.39169319e-08  1.06557101e-07  2.73137635e-08]\n",
            " [-1.86862806e-07 -2.00461429e-07  1.27693275e-08  4.29181933e-08  4.91448439e-09  4.95610442e+00 -1.92355843e-07 -1.19746249e-07 -3.54393663e-08  1.46568660e-07]\n",
            " [-1.55765947e-07 -1.15240439e-07 -3.95147520e-08 -6.23093396e-08  6.51874132e-08 -1.92355843e-07  4.76074513e+00 -1.05866145e-07 -1.41237410e-08 -1.53063976e-07]\n",
            " [-1.59733244e-07 -1.41767363e-08 -3.73891656e-08 -1.59772556e-07  9.39169319e-08 -1.19746249e-07 -1.05866145e-07  4.15306620e+00  8.58036814e-08 -4.14559682e-08]\n",
            " [ 6.19468268e-08  3.63404794e-08  1.15742914e-07 -1.48186251e-08  1.06557101e-07 -3.54393661e-08 -1.41237407e-08  8.58036816e-08  3.24408263e+00  4.83754743e-08]\n",
            " [ 3.39371412e-08  1.13613366e-07 -1.78173873e-07 -1.26988929e-07  2.73137638e-08  1.46568660e-07 -1.53063976e-07 -4.14559685e-08  4.83754743e-08  2.81359881e+00]]\n",
            "5000 4521.6\n",
            "[[ 1.00000000e+00  2.43726677e-08 -8.03313512e-09  3.65745385e-09 -4.94695014e-09 -2.50879838e-08  6.62656040e-09  5.20055623e-09 -5.31750451e-09  5.92028275e-09]\n",
            " [ 2.43726677e-08  1.00000000e+00 -1.97572527e-08  2.27436413e-09  1.77238673e-08  1.57139383e-08 -1.46420004e-08  5.10526486e-09 -9.76863105e-09 -1.15130042e-08]\n",
            " [-8.03313512e-09 -1.97572527e-08  1.00000000e+00 -1.36793105e-08 -1.82616189e-08  2.27494510e-08 -4.63580879e-09  1.56460192e-09 -1.60661257e-08 -7.73278409e-09]\n",
            " [ 3.65745385e-09  2.27436413e-09 -1.36793105e-08  1.00000000e+00 -6.82746248e-09 -1.10464931e-08 -1.15186608e-08  1.50549086e-08  1.61586036e-08 -2.63151866e-09]\n",
            " [-4.94695014e-09  1.77238673e-08 -1.82616189e-08 -6.82746248e-09  1.00000000e+00 -1.42847949e-08 -1.99515229e-09  0.00000000e+00  9.70254393e-09  0.00000000e+00]\n",
            " [-2.50879838e-08  1.57139383e-08  2.27494510e-08 -1.10464931e-08 -1.42847949e-08  1.00000000e+00  9.86595088e-09 -4.12433039e-09  1.25255835e-08 -1.76367902e-08]\n",
            " [ 6.62656040e-09 -1.46420004e-08 -4.63580879e-09 -1.15186608e-08 -1.99515229e-09  9.86595088e-09  1.00000000e+00  0.00000000e+00  1.99980306e-08  0.00000000e+00]\n",
            " [ 5.20055623e-09  5.10526486e-09  1.56460192e-09  1.50549086e-08  0.00000000e+00 -4.12433039e-09  0.00000000e+00  1.00000000e+00  0.00000000e+00  6.28129105e-09]\n",
            " [-5.31750451e-09 -9.76863105e-09 -1.60661257e-08  1.61586036e-08  9.70254393e-09  1.25255835e-08  1.99980306e-08  0.00000000e+00  1.00000000e+00 -1.67715669e-09]\n",
            " [ 5.92028275e-09 -1.15130042e-08 -7.73278409e-09 -2.63151866e-09  0.00000000e+00 -1.76367902e-08  0.00000000e+00  6.28129105e-09 -1.67715669e-09  1.00000000e+00]]\n",
            "[[ 1.95872981e+01  1.29083807e-06 -2.77624026e-07  2.46719215e-07 -3.63569038e-07 -3.89279686e-07  3.50311882e-07 -6.06736441e-08  2.32209530e-07  1.83712590e-07]\n",
            " [ 1.29083807e-06  1.84626673e+01  1.15111233e-06  6.46951153e-08  2.41777617e-07  4.11526671e-07 -2.06481205e-07  2.35117864e-07 -2.14146222e-07 -5.09991231e-07]\n",
            " [-2.77624026e-07  1.15111233e-06  1.83656763e+01 -2.18299662e-07 -4.77295135e-07  4.56892805e-07  1.03105852e-07  1.75065977e-07 -4.19585037e-07  2.13255566e-08]\n",
            " [ 2.46719214e-07  6.46951161e-08 -2.18299662e-07  1.56354461e+01  1.15094509e-07 -8.59218804e-08 -5.56249780e-08  1.18157914e-07  1.40332941e-07 -1.62099722e-07]\n",
            " [-3.63569038e-07  2.41777617e-07 -4.77295135e-07  1.15094510e-07  1.45822003e+01  5.89040597e-08  1.01800679e-07  8.55429610e-08  1.63996495e-07  9.56578614e-08]\n",
            " [-3.89279685e-07  4.11526671e-07  4.56892806e-07 -8.59218799e-08  5.89040594e-08  1.35184505e+01  2.27131969e-07  3.39477344e-08  6.39441020e-08  4.95557419e-08]\n",
            " [ 3.50311881e-07 -2.06481205e-07  1.03105852e-07 -5.56249781e-08  1.01800679e-07  2.27131970e-07  1.22229371e+01 -4.13807587e-07  5.65357975e-07 -7.57269834e-08]\n",
            " [-6.06736429e-08  2.35117864e-07  1.75065977e-07  1.18157913e-07  8.55429605e-08  3.39477343e-08 -4.13807586e-07  1.13743974e+01  1.46701942e-08 -1.98774167e-07]\n",
            " [ 2.32209530e-07 -2.14146222e-07 -4.19585037e-07  1.40332941e-07  1.63996496e-07  6.39441030e-08  5.65357975e-07  1.46701943e-08  9.19231274e+00 -6.18662842e-08]\n",
            " [ 1.83712589e-07 -5.09991231e-07  2.13255556e-08 -1.62099722e-07  9.56578612e-08  4.95557416e-08 -7.57269835e-08 -1.98774166e-07 -6.18662843e-08  7.32290191e+00]]\n",
            "10000 2051.1\n",
            "[[ 1.00000000e+00  1.05714744e-08  2.95786221e-09  1.00854234e-08 -9.72952290e-09  1.50940088e-09  6.72899320e-09  0.00000000e+00  1.20783084e-08 -1.24490435e-08]\n",
            " [ 1.05714744e-08  1.00000000e+00  1.37755206e-08  5.57643252e-09 -3.09049560e-09 -1.36173635e-08  1.58540820e-08  0.00000000e+00  5.76808916e-09 -5.37687265e-09]\n",
            " [ 2.95786221e-09  1.37755206e-08  1.00000000e+00  8.29225406e-09 -1.20133812e-08 -7.46194200e-09 -1.37116153e-08 -4.38230860e-09 -1.42546298e-08  0.00000000e+00]\n",
            " [ 1.00854234e-08  5.57643252e-09  8.29225406e-09  1.00000000e+00 -4.71433143e-09  8.13782494e-09 -1.07494148e-08 -7.96697132e-09  2.40836021e-09 -4.10598291e-08]\n",
            " [-9.72952290e-09 -3.09049560e-09 -1.20133812e-08 -4.71433143e-09  1.00000000e+00  2.38721483e-09  6.54572896e-09  4.89876196e-09  1.29329303e-09 -1.39382619e-08]\n",
            " [ 1.50940088e-09 -1.36173635e-08 -7.46194200e-09  8.13782494e-09  2.38721483e-09  1.00000000e+00 -3.96531772e-09  6.14919693e-09 -3.57408523e-09  2.10258666e-08]\n",
            " [ 6.72899320e-09  1.58540820e-08 -1.37116153e-08 -1.07494148e-08  6.54572896e-09 -3.96531772e-09  1.00000000e+00 -3.20296243e-09 -8.36992822e-09 -1.05980976e-09]\n",
            " [ 0.00000000e+00  0.00000000e+00 -4.38230860e-09 -7.96697132e-09  4.89876196e-09  6.14919693e-09 -3.20296243e-09  1.00000000e+00  1.19683153e-08 -2.71225272e-08]\n",
            " [ 1.20783084e-08  5.76808916e-09 -1.42546298e-08  2.40836021e-09  1.29329303e-09 -3.57408523e-09 -8.36992822e-09  1.19683153e-08  1.00000000e+00 -1.61602036e-08]\n",
            " [-1.24490435e-08 -5.37687265e-09  0.00000000e+00 -4.10598291e-08 -1.39382619e-08  2.10258666e-08 -1.05980976e-09 -2.71225272e-08 -1.61602036e-08  1.00000000e+00]]\n",
            "[[ 4.45929268e+01  7.63931895e-07  5.71875423e-07  4.89414365e-07 -5.43810287e-07  2.99717373e-07 -2.45285266e-07 -5.23644155e-07 -4.06644020e-07 -2.47347760e-07]\n",
            " [ 7.63931894e-07  3.69943230e+01 -1.08879353e-06  6.31938301e-07 -1.19748455e-07 -5.45084730e-07  7.22683079e-07 -7.09592624e-07 -2.06904340e-07 -3.68824779e-07]\n",
            " [ 5.71875425e-07 -1.08879353e-06  3.58577389e+01 -6.85070494e-07 -4.47819599e-07 -2.48957254e-07 -9.25751247e-07 -8.47666300e-07 -5.71778758e-07  1.34801395e-07]\n",
            " [ 4.89414364e-07  6.31938301e-07 -6.85070497e-07  3.26685740e+01 -1.67578350e-07  4.80770727e-07 -3.93174813e-07  1.05213883e-07  1.42385010e-07 -1.47329911e-06]\n",
            " [-5.43810284e-07 -1.19748453e-07 -4.47819595e-07 -1.67578350e-07  2.75071030e+01 -8.50690298e-07 -3.00480684e-07  7.93269270e-08  1.55117179e-07 -6.93743474e-07]\n",
            " [ 2.99717373e-07 -5.45084729e-07 -2.48957253e-07  4.80770726e-07 -8.50690299e-07  2.46606616e+01  9.38242025e-08  6.03057418e-07 -3.29367036e-07  6.42066775e-07]\n",
            " [-2.45285264e-07  7.22683080e-07 -9.25751250e-07 -3.93174812e-07 -3.00480682e-07  9.38242019e-08  2.20349724e+01 -3.80041449e-07 -1.41143089e-07 -2.35699977e-07]\n",
            " [-5.23644155e-07 -7.09592624e-07 -8.47666300e-07  1.05213882e-07  7.93269276e-08  6.03057418e-07 -3.80041450e-07  2.02848868e+01  2.78991246e-07 -7.80525811e-07]\n",
            " [-4.06644019e-07 -2.06904339e-07 -5.71778758e-07  1.42385009e-07  1.55117178e-07 -3.29367038e-07 -1.41143090e-07  2.78991246e-07  1.86819705e+01 -8.55291005e-07]\n",
            " [-2.47347759e-07 -3.68824780e-07  1.34801397e-07 -1.47329911e-06 -6.93743474e-07  6.42066777e-07 -2.35699975e-07 -7.80525810e-07 -8.55291003e-07  1.82472188e+01]]\n",
            "50000 2411.0\n",
            "[[ 1.00000000e+00 -9.55465164e-09  3.36273678e-08  9.31117301e-09 -1.36428967e-08 -1.40679571e-08  8.38134178e-09 -1.93010796e-08 -7.39708122e-09  4.70407178e-09]\n",
            " [-9.55465164e-09  1.00000000e+00  0.00000000e+00  1.52248866e-08 -2.07005169e-09  1.38707123e-08 -3.54908124e-09  2.61682775e-09  2.85998116e-09 -5.43547027e-09]\n",
            " [ 3.36273678e-08  0.00000000e+00  1.00000000e+00 -3.85464692e-09  4.35793103e-09 -4.40805324e-09 -1.25576661e-08 -8.79845555e-09 -1.59502965e-08 -1.43804258e-08]\n",
            " [ 9.31117301e-09  1.52248866e-08 -3.85464692e-09  1.00000000e+00 -1.49488216e-08  1.02158430e-08  2.62081097e-09  2.22390493e-09  5.97919601e-09 -1.88334964e-08]\n",
            " [-1.36428967e-08 -2.07005169e-09  4.35793103e-09 -1.49488216e-08  1.00000000e+00 -5.53512710e-09 -1.97964948e-08 -1.27255713e-08 -1.02141723e-08  2.01635682e-08]\n",
            " [-1.40679571e-08  1.38707123e-08 -4.40805324e-09  1.02158430e-08 -5.53512710e-09  1.00000000e+00  1.28469727e-09  2.34918115e-09  5.97050712e-09  1.94681393e-08]\n",
            " [ 8.38134178e-09 -3.54908124e-09 -1.25576661e-08  2.62081097e-09 -1.97964948e-08  1.28469727e-09  1.00000000e+00 -1.90127933e-08  9.48816834e-09  5.81988970e-09]\n",
            " [-1.93010796e-08  2.61682775e-09 -8.79845555e-09  2.22390493e-09 -1.27255713e-08  2.34918115e-09 -1.90127933e-08  1.00000000e+00 -4.64301975e-09 -1.99077204e-08]\n",
            " [-7.39708122e-09  2.85998116e-09 -1.59502965e-08  5.97919601e-09 -1.02141723e-08  5.97050712e-09  9.48816834e-09 -4.64301975e-09  1.00000000e+00  1.63319178e-08]\n",
            " [ 4.70407178e-09 -5.43547027e-09 -1.43804258e-08 -1.88334964e-08  2.01635682e-08  1.94681393e-08  5.81988970e-09 -1.99077204e-08  1.63319178e-08  1.00000000e+00]]\n",
            "[[ 2.04908326e+02 -8.62638872e-06  5.66317269e-06  4.38935880e-06 -3.66456371e-06 -6.47126052e-06  1.74247555e-06 -4.58385711e-06 -2.62170404e-06  4.95482806e-06]\n",
            " [-8.62638873e-06  1.95264399e+02 -1.26251749e-06  7.49598831e-06  3.45001851e-06  3.04101619e-06 -3.99380508e-07  1.82460316e-06 -5.71751522e-06 -4.22658052e-06]\n",
            " [ 5.66317268e-06 -1.26251748e-06  1.76482177e+02 -7.81383460e-06 -4.03420889e-07 -3.33530135e-06 -1.30284567e-06 -1.85651401e-06 -2.05763991e-06 -1.73377204e-06]\n",
            " [ 4.38935881e-06  7.49598831e-06 -7.81383460e-06  1.70169686e+02 -2.27809412e-06 -9.40084986e-07  1.75111223e-07 -1.34402195e-06  2.77729119e-06 -2.79748477e-06]\n",
            " [-3.66456370e-06  3.45001851e-06 -4.03420889e-07 -2.27809413e-06  1.46323979e+02  1.41836157e-06 -5.40414458e-06 -7.70114606e-07 -1.70615599e-06  4.49460037e-06]\n",
            " [-6.47126053e-06  3.04101618e-06 -3.33530136e-06 -9.40084986e-07  1.41836158e-06  1.27400016e+02 -1.01359644e-05  4.20867143e-08  1.45591778e-06  3.49025868e-06]\n",
            " [ 1.74247555e-06 -3.99380498e-07 -1.30284566e-06  1.75111223e-07 -5.40414458e-06 -1.01359644e-05  1.25617035e+02 -4.01916065e-06  2.22205599e-06 -6.89099090e-07]\n",
            " [-4.58385710e-06  1.82460319e-06 -1.85651402e-06 -1.34402195e-06 -7.70114610e-07  4.20867209e-08 -4.01916065e-06  1.12676753e+02 -1.82476008e-06 -7.90222756e-07]\n",
            " [-2.62170405e-06 -5.71751522e-06 -2.05763992e-06  2.77729120e-06 -1.70615599e-06  1.45591778e-06  2.22205599e-06 -1.82476008e-06  9.16072436e+01 -1.35791232e-06]\n",
            " [ 4.95482806e-06 -4.22658053e-06 -1.73377204e-06 -2.79748478e-06  4.49460037e-06  3.49025867e-06 -6.89099093e-07 -7.90222755e-07 -1.35791232e-06  8.49584090e+01]]\n",
            "100000 1623.9\n",
            "[[ 1.00000000e+00  9.65880371e-09 -1.00122554e-08 -4.05852638e-09 -6.60038987e-09  3.75286212e-09 -2.30770928e-08  8.34504459e-09  0.00000000e+00 -9.29393920e-09]\n",
            " [ 9.65880371e-09  1.00000000e+00  7.97376231e-09  7.91072536e-09 -6.53594932e-09  1.52247330e-09 -8.10085583e-09  6.26640372e-09  1.17483444e-08  0.00000000e+00]\n",
            " [-1.00122554e-08  7.97376231e-09  1.00000000e+00 -2.16103652e-08  2.97689568e-09  9.86121142e-09  4.62081114e-09  6.97750195e-09  1.79039821e-08  9.70254583e-09]\n",
            " [-4.05852638e-09  7.91072536e-09 -2.16103652e-08  1.00000000e+00  3.89307727e-09  1.94296284e-08  5.07094441e-09 -1.48124696e-08  1.11607499e-08  1.20816022e-08]\n",
            " [-6.60038987e-09 -6.53594932e-09  2.97689568e-09  3.89307727e-09  1.00000000e+00 -5.17993393e-09 -3.91061347e-09  9.10248793e-09  2.93340000e-09 -9.74077604e-09]\n",
            " [ 3.75286212e-09  1.52247330e-09  9.86121142e-09  1.94296284e-08 -5.17993393e-09  1.00000000e+00  7.94862865e-09 -2.48120345e-09  5.19858715e-09 -1.59739748e-09]\n",
            " [-2.30770928e-08 -8.10085583e-09  4.62081114e-09  5.07094441e-09 -3.91061347e-09  7.94862865e-09  1.00000000e+00  8.95702087e-09  1.06543594e-08 -1.35470508e-08]\n",
            " [ 8.34504459e-09  6.26640372e-09  6.97750195e-09 -1.48124696e-08  9.10248793e-09 -2.48120345e-09  8.95702087e-09  1.00000000e+00 -2.98108914e-08 -1.52738610e-08]\n",
            " [ 0.00000000e+00  1.17483444e-08  1.79039821e-08  1.11607499e-08  2.93340000e-09  5.19858715e-09  1.06543594e-08 -2.98108914e-08  1.00000000e+00  1.86470664e-08]\n",
            " [-9.29393920e-09  0.00000000e+00  9.70254583e-09  1.20816022e-08 -9.74077604e-09 -1.59739748e-09 -1.35470508e-08 -1.52738610e-08  1.86470664e-08  1.00000000e+00]]\n",
            "[[ 4.01782888e+02 -9.81059299e-06 -1.28170049e-06  1.84874979e-06 -3.82875188e-07  2.77484225e-06 -1.27722279e-05 -1.74247026e-06  8.63251624e-09  7.00105367e-07]\n",
            " [-9.81059299e-06  3.73480772e+02  1.89603154e-05  5.34198531e-06 -5.42671053e-06  1.63837390e-06 -3.06583213e-06  2.01916627e-06  9.12181907e-07 -2.02153090e-06]\n",
            " [-1.28170052e-06  1.89603154e-05  3.56667481e+02 -1.68530456e-05 -4.91631018e-07  2.88288377e-06  1.34914250e-06  4.94248488e-06 -1.00423153e-06 -4.26398214e-06]\n",
            " [ 1.84874976e-06  5.34198528e-06 -1.68530456e-05  3.35520698e+02 -2.02896187e-06  1.35996405e-05  7.52965566e-07 -4.55426530e-06 -1.54964975e-06  1.46752930e-06]\n",
            " [-3.82875160e-07 -5.42671051e-06 -4.91631026e-07 -2.02896188e-06  2.97227902e+02  2.21242988e-06 -6.32783388e-06  1.78463972e-06 -3.53200994e-08 -4.21072255e-06]\n",
            " [ 2.77484226e-06  1.63837391e-06  2.88288380e-06  1.35996405e-05  2.21242987e-06  2.75537989e+02 -2.66316399e-06 -1.74354753e-06  5.69909538e-06 -5.16594682e-06]\n",
            " [-1.27722279e-05 -3.06583212e-06  1.34914248e-06  7.52965554e-07 -6.32783387e-06 -2.66316400e-06  2.53374841e+02  5.37070416e-06  3.82242844e-06  1.78949642e-06]\n",
            " [-1.74247026e-06  2.01916628e-06  4.94248488e-06 -4.55426530e-06  1.78463971e-06 -1.74354750e-06  5.37070417e-06  2.20615661e+02 -5.58643678e-06 -3.92190920e-06]\n",
            " [ 8.63251779e-09  9.12181899e-07 -1.00423153e-06 -1.54964973e-06 -3.53201175e-08  5.69909539e-06  3.82242845e-06 -5.58643678e-06  2.07226078e+02  3.26948878e-06]\n",
            " [ 7.00105386e-07 -2.02153092e-06 -4.26398213e-06  1.46752929e-06 -4.21072254e-06 -5.16594682e-06  1.78949641e-06 -3.92190921e-06  3.26948879e-06  1.60467314e+02]]\n",
            "[[1404, 2966, 1364, 1455, 4081, 1340, 1474, 1416, 1378, 1467], [65390, 1455, 1486, 2118, 1414, 1533, 1457, 1530, 1483, 1432], [3647, 1454, 1450, 1571, 2525, 1500, 1566, 4681, 1431, 1392], [1494, 1803, 1469, 1637, 1387, 2054, 1595, 1497, 1375, 1507], [1422, 2273, 1545, 5093, 1463, 2825, 1396, 1488, 1420, 1396], [2045, 30491, 1397, 1985, 1743, 1492, 1688, 1473, 1499, 1403], [1380, 4192, 1430, 1407, 1409, 1615, 1597, 1617, 4524, 1340], [2392, 1570, 3468, 1492, 1410, 7707, 1560, 1413, 1667, 1431], [1593, 2112, 2063, 1475, 1442, 1502, 1432, 1825, 1380, 1415]]\n",
            "=================\n",
            "120 1494.2\n",
            "[[ 1.00000000e+00  2.36693943e-09 -1.57845517e-08  5.32333120e-09 -3.21020011e-09  3.04127978e-09  1.24464434e-08 -7.75874491e-09  5.94280456e-09  8.49495760e-09]\n",
            " [ 2.36693943e-09  1.00000000e+00 -5.83155206e-09  1.43212151e-08  6.24379960e-09  1.20593463e-09 -7.91080330e-09 -6.44277189e-09  1.49516368e-08 -8.81018994e-09]\n",
            " [-1.57845517e-08 -5.83155206e-09  1.00000000e+00  0.00000000e+00 -6.56666049e-09 -2.85071540e-09 -2.87519469e-09 -8.12407200e-09  1.78630289e-08  2.58936286e-09]\n",
            " [ 5.32333120e-09  1.43212151e-08  0.00000000e+00  1.00000000e+00 -2.01286743e-09  8.99535117e-09  3.74286483e-09  9.37848386e-09  1.06187637e-08 -1.56821380e-08]\n",
            " [-3.21020011e-09  6.24379960e-09 -6.56666049e-09 -2.01286743e-09  1.00000000e+00  3.68457776e-09  2.15458135e-09 -1.14704675e-08  1.12904493e-08 -1.89909985e-08]\n",
            " [ 3.04127978e-09  1.20593463e-09 -2.85071540e-09  8.99535117e-09  3.68457776e-09  1.00000000e+00  9.97048975e-09  6.26989748e-09  2.05330535e-08  0.00000000e+00]\n",
            " [ 1.24464434e-08 -7.91080330e-09 -2.87519469e-09  3.74286483e-09  2.15458135e-09  9.97048975e-09  1.00000000e+00  1.65497871e-09 -1.25555427e-08 -9.53492914e-09]\n",
